262
 281
 509
 314
 778
 193
 685
  82
 924
 201
 876
 389
 610
 759
 858
 937
 608
 917
 563
 195
  24
 515
 618
 274
 391
 229
 279
 938
 879
 385
 280
 177
 812
 197
 734
 211
 364
 430
 830
 741
 264
 141
 520
 487
 601
 413
 272
 496
 761
 394
 978
 638
 540
 208
 482
 996
 899
 285
  11
 173
 233
 309
 710
 549
 409
 665
 303
 214
 823
 673
  48
 955
 307
 743
  41
 877
 739
 783
 169
  62
 252
 629
 692
 212
 666
 706
 162
 116
 227
 408
 561
 417
 544
 419
 187
 885
 918
 308
 131
 834
 733
 149
 327
  38
 647
 723
 109
 598
 457
 340
  34
  86
 746
 646
 373
 325
 557
 466
 709
 681
 593
  33
 388
 686
 485
 738
 656
 798
 539
  27
 493
 288
 577
 936
 570
 932
 833
 505
 992
 684
 850
 896
 379
 792
 240
 737
 277
 403
 322
  51
 791
  22
  40
 599
 525
 489
 985
  10
 504
 530
 179
 701
 402
 447
 836
  66
 226
 585
 587
  68
 799
 483
   7
 789
 395
  74
 967
 774
 551
 519
  31
 192
  65
 974
 261
   9
 760
 243
 640
 126
 981
 414
 909
 263
 514
 400
 148
 434
 110
 847
 797
 708
 172
 320
 242
  73
 919
 257
 806
 923
  59
  96
 564
 125
 165
 300
 731
 146
 119
 628
  46
 369
 245
 953
 344
 537
 271
 276
 164
 416
 588
 845
 654
 804
 927
 946
 374
  79
 132
 957
 228
 114
 237
 796
 679
 460
 502
 435
 820
 592
 671
 703
 411
 442
 576
  64
 160
 410
 341
 178
 944
 390
 552
 689
 258
 198
 906
 222
 633
 559
 725
 971
 143
 880
 711
 986
 456
 645
 773
 864
 745
 348
 670
 269
 467
 136
 407
 716
 977
 317
 418
 619
 934
 367
 915
 621
 972
 128
 562
 556
 366
 920
 882
 596
  30
 538
  58
 266
 548
 372
 453
 925
 757
 584
 365
 543
 956
 993
 950
 334
 657
 854
 190
 695
 603
  76
 837
 921
 612
 477
 223
  32
 831
 313
 914
 616
 335
 104
 318
 696
 935
 329
 234
 220
 207
 907
 826
 347
 301
 497
  60
 795
 247
 949
  69
 342
 144
  87
 881
 674
 947
 326
 668
  71
 124
 586
  15
 147
 360
 814
  36
 200
 870
 382
 669
 184
 221
 225
 412
 571
 625
 230
 328
 513
 788
 106
 662
 787
 189
 873
 270
 651
 287
 609
 255
 399
 602
 558
 541
  47
 445
 659
 383
 634
 744
 130
 895
 832
 210
 175
 297
 534
 204
 253
 108
 239
 894
 821
 405
 886
 687
 606
 459
 256
  13
 911
 800
 597
 765
 677
 112
  91
 604
 454
 605
  95
 429
 298
 998
 714
  80
 248
 611
  70
 426
 890
 805
 152
 218
 997
 339
 717
 891
 446
 652
 872
 129
 494
 506
 961
 312
  16
 984
 213
 516
 433
 486
 819
 424
 157
 620
 754
 532
 259
 902
 672
   4
  55
 763
 905
 443
 547
 983
 508
 356
 968
 194
 817
 554
 392
 793
 680
 406
 545
 756
 848
 205
  14
 338
 492
 810
 151
 758
 432
 529
 748
 118
 478
 771
 784
 790
 441
 707
 249
 415
 295
 158
 591
  72
 174
 590
 156
 404
  97
 868
 667
 517
 644
 527
  21
 861
 238
 661
 438
 528
 142
 690
  75
 941
 615
 626
 813
 631
 954
 755
 987
   5
 384
 292
 994
 751
 421
 624
 331
 484
 319
 865
 991
 102
 250
 785
 533
 343
 154
 188
 286
  81
 726
 180
 855
  99
 958
 908
 503
 775
 330
  92
 310
 898
 846
 942
 370
 715
 824
 427
 912
 491
 315
 724
 499
  85
 786
 474
 464
 678
 642
 431
 622
 808
 422
  18
 753
 183
  37
 100
 153
 267
   6
 636
 495
 713
 437
 105
 582
 284
  20
 926
 776
 450
 479
 630
 691
  50
 933
 553
 337
 943
 594
 900
  29
 465
 361
 859
 916
 964
 862
 843
 569
 368
 524
 439
 536
 535
 777
 375
 607
  56
 206
 990
 889
 398
  84
  61
 232
 928
  39
 747
 635
 649
 815
 512
 940
 578
 664
 637
 816
 111
 613
  43
 650
 323
 521
 311
 740
 265
 302
 396
 490
 161
 742
 901
 948
 224
 988
 260
 614
 980
  49
   1
 811
 966
 182
 699
 145
 202
 215
 863
   2
 970
 683
  52
 579
 481
 698
 448
 835
 176
 655
 807
 989
 324
 643
 251
 871
 354
 209
 782
 560
 332
 305
 897
 306
 595
 290
 648
 171
 887
 140
 170
 473
 728
 425
 167
 840
 121
 117
 299
 770
 688
   8
 580
 931
 196
 693
 960
 730
 449
 565
 191
 600
 952
 166
 568
 428
 653
 567
 963
 444
 641
 358
 278
 510
 874
 718
 480
 346
 617
 566
 700
 768
 702
 458
 476
 712
 199
 752
 794
 766
 273
 440
 351
 762
 851
 827
  19
  77
 694
 345
 217
 555
 867
 138
 468
 420
 781
  88
 780
 853
 488
 235
 883
 436
 736
  90
 727
 469
 979
 386
 523
 663
 945
 697
 975
 682
 393
 589
 888
 893
 359
 282
 903
 349
 294
 575
 929
 363
 675
  57
 803
 498
 720
 735
  25
 842
 377
   3
 729
 268
 676
 122
 772
 168
 316
 878
 910
 844
 632
 500
 275
 572
 163
 186
 573
 922
 134
 181
 849
 722
 321
 721
 123
 155
 463
 904
 913
 378
 291
 779
 381
 333
 455
 137
 732
  42
 139
 581
 216
 371
 452
  63
 999
 627
 135
 501
 705
 750
 546
 150
 969
 965
 355
 962
 767
 857
  67
  12
 839
 822
 296
 526
 801
 809
 451
 995
  45
  83
 362
  93
 401
 423
 127
  28
  53
 254
 749
 159
 120
  44
 107
 289
 959
 856
 976
 115
 507
 376
 283
 623
 542
 461
  54
 951
 475
 397
 387
 353
 838
 531
 293
 203
 828
 380
 884
 574
 982
 470
 113
 875
 511
 866
 639
 357
 769
 860
 658
  26
 930
 719
 825
 350
 869
 818
  89
 550
 472
 841
 829
 244
  23
1000
 236
 246
 471
 660
 973
  17
 101
  94
 764
 518
 304
 241
  98
 583
 462
 352
 133
 892
 852
 185
 939
 704
  78
 103
 219
  35
 231
 336
 522
 802