9186
 3215
 1997
 7300
 7727
 6733
 3582
  176
 8990
 8138
 6244
 3176
 5682
 6182
 7040
 6167
 5459
 4426
  771
 5970
 6206
 2126
 1153
 3949
 5481
 9274
 3118
 5862
 7766
 1184
 8758
 1633
 2209
  291
 3004
 9280
 5866
  625
  229
  903
  180
 1946
 6158
 5510
 2188
 5800
 2666
 1897
 1049
 6328
 6153
 9567
 5137
 3151
 9128
 6649
 8992
 1970
 7175
 4078
 8293
   21
 7853
 4473
 6435
 2487
 2240
 9623
  253
 4674
 2636
 2728
 8793
 8438
 7085
 4204
  451
  236
 2085
 2877
 1585
 6584
 4112
 6188
 7765
  788
 8337
 2640
 1691
 7061
 4203
  137
 1806
 4747
 1353
 3014
 7144
 5993
 4597
 5021
 7058
 6421
 2055
 4279
  501
 8802
 1338
 3415
 3584
  589
 8090
 6746
 8461
 4806
 5216
 6326
  372
 2401
 4314
 5572
 5801
 3032
 5723
  686
 2371
 7190
  922
 8067
 2835
 9053
 9809
 5598
 2677
 8108
 1332
   30
   75
 2766
 9097
 1803
 5565
 2966
 6340
 7643
 3301
 2905
 7281
 8458
 8511
 8155
 9573
 8689
 7027
 1824
 6397
 4456
 9559
 1085
 4460
 1092
 2465
 9547
 3428
 3233
 2501
 4497
 9876
 5434
 7302
 3954
 1107
 5710
 9553
 2092
 4728
 5796
 5843
 8675
 4150
 9509
 2165
  583
 8851
 4147
 9817
 5897
 5167
 5833
 8464
 9150
 7194
 5949
 1087
 4911
 6398
 5297
 7117
 9315
 2009
 8588
 8210
 1244
 5076
 2912
  819
 5899
 5591
 7783
 5574
   47
 1061
   91
  606
  688
 5537
 2981
 1316
 2749
  784
  851
 7955
 2318
 7016
 2699
 3789
 4224
 9702
 7353
 2764
 8907
 8714
 8009
    8
 6574
  308
 9854
 2633
 5364
  242
 5210
 3843
 8334
 7653
 1321
 1930
 9755
  575
 3265
 6307
 6389
 1043
 6935
 3393
 8421
  781
  638
 3467
 3759
 7701
 5633
 7896
 6645
 8649
  386
 9785
 9618
 3310
 3869
 7081
 7447
 6408
 5702
 6108
 4951
 9153
 4300
 5191
 9652
 3159
 1598
 6734
 9469
 6939
 5778
 6552
 1417
 6346
 8798
 7149
 1766
 6581
 3043
 6127
 1977
 7951
 4235
 9239
  345
 8014
 2069
 8725
 3528
 8748
 6199
 4533
 6571
 1802
 9333
 7533
 9456
 1126
  442
 1374
 8696
 1758
   57
 3320
 1015
 6252
 5242
 3219
 3163
  375
 3090
 5113
 3742
 5296
   13
 6737
 7104
 1148
 2974
 9828
  498
 7763
 4838
  892
 9332
 3449
  462
 2039
 9440
 6033
  463
 1846
 7996
 6592
 7491
 2748
 7446
 2368
 2783
 6986
 4044
 8400
  178
 3837
 7472
 2334
 5792
 8450
 8065
 1722
 3515
 8744
 3132
 2558
 1251
  459
 7530
 2725
 3790
 9722
 4420
 2225
 5891
 7214
 4640
 4436
 1344
 4226
 9602
 2844
 7753
  971
 7369
 9833
 9344
 7629
 1606
 4024
 6822
 3983
 2592
  881
 9684
  302
 5095
 9908
 1446
 6970
  945
 8859
 4007
 8197
 7547
 6040
 8892
 9301
 5728
 4797
 1814
 5223
 3538
 4110
 5048
 1172
 1902
 8925
 4786
  982
  719
 8716
 2313
 7002
 3944
  800
 5358
 6434
 9864
 7906
 4254
 6278
 7835
 9728
 3190
 7288
 1738
 8060
 6170
 5276
 6785
 8310
 7387
 9124
 8984
 5186
 6745
 6161
 9008
 2475
 6380
 4298
 2367
  946
  131
  566
 4383
 8246
  690
 5873
 7614
 2045
 2787
 9396
 6582
 1119
 4584
 2266
 1157
 7991
 8102
 4246
 4542
 5445
 7666
  320
 6726
 7950
 4662
 9192
 6043
 4353
  230
 6455
 9017
 5316
 8295
 8107
 6239
 3066
 2230
 9595
 5840
 9895
 3758
  884
 8488
 6997
 8688
 6809
 9805
 8304
  968
 7573
 5674
 9708
 4259
 6082
 8168
 7346
  349
 9052
 3372
 1957
 9249
 5436
 4127
 9930
 8412
 8590
 2464
 5104
 3074
 6228
  296
 2686
 8788
 5743
 9390
 1490
 6276
 1032
 6349
 9542
 7537
 2047
 7560
 3335
 6014
 9516
 8260
 1312
 5896
 2802
 2934
 9672
 9410
 1669
 1975
  441
 4265
 6694
 3503
 7251
 1208
 7768
 2919
  321
  307
    7
 9338
 1782
 1455
  520
 2444
 4086
  827
 1040
 3250
 5988
 7486
  833
 2013
 5515
 8971
 1549
 3547
 9071
 4347
 6697
 2084
  555
 9707
 8027
 8244
 2459
  298
 7296
 9581
 6681
 2879
 6728
 6811
 6601
 1016
 5251
 6583
 7688
 8708
 2979
 1546
 6631
 5072
 4488
  725
  554
 6213
 4818
 6006
 3884
 3451
 3236
 7956
 7293
    2
 7506
 3610
 1195
 7047
 4207
 8694
 7586
 6640
 6787
 2353
  281
 6679
 6895
 1370
 3276
 3448
 7350
 8361
 1508
 6475
 3518
 5047
 6178
 1348
 8527
 1396
 3561
 5452
 4812
 5998
 2935
 3115
 9055
 4102
 4398
 1279
 5720
  590
 7849
 9046
 8051
  695
  250
 3777
  272
 4021
 4271
 7348
  766
 8109
  816
 7954
 4793
 7029
 4654
 2515
  193
 1027
 4262
 3652
 5725
 1014
 4341
 6200
 3070
 1276
  980
 9106
 7269
 9690
 3026
 6707
 1137
 5599
 8827
 2724
 9601
 4266
 7616
 7822
  526
 2251
 5922
 8865
 2079
 9214
 5701
 2265
 9827
 5657
 6922
 6315
 4466
 8068
   10
 3876
 3224
 1570
   73
 3497
 5526
 1730
 8506
 8820
 4913
 5321
 1739
 5454
 7851
 1433
 4417
 3844
   40
 8418
 4525
 2434
 3341
 1472
 6683
 5960
 1849
 3053
 8182
 7526
 9323
 1907
 7769
 5097
 2703
 7511
 4762
 6283
 6293
 7200
 9596
 5683
 5132
 7344
 8317
 9383
  679
 2415
 2717
 9206
 1718
 5624
 4399
 4413
   89
 7770
  611
 4614
 2258
 1860
 3129
 7522
 8156
  703
 7227
 5489
 4218
 7936
 5476
 6567
 3919
 9616
 5063
 3565
 9419
 2511
 1621
 7304
 8193
 7202
 5808
 1492
 7093
 8172
  569
 6133
 1778
 2568
 5764
 3382
 3999
 5486
 9593
 9718
 9815
  468
 9158
 4425
  303
 2339
 5839
 3436
 9069
 2443
 1088
 8452
 1983
 7208
 8792
 2999
 1895
  186
  754
 6831
 4122
 5238
  293
 8821
  333
 1512
 7072
 1170
 9119
 9716
 8905
 4124
 9347
 4464
 8183
 8697
 8917
 8442
 7607
   44
  511
 1448
 1441
 7582
  772
 3172
  237
 6821
 2385
 9782
 7677
 1811
 9319
 1704
 9427
  864
 7399
 5491
 4160
 3633
  747
 3651
 2118
 5655
 4954
 7165
 4523
 6361
 5327
 7909
 3370
 2775
 2731
 7041
 3906
 5759
 2247
 4736
 2493
  527
 6145
 9387
 4637
 3386
 7259
 4921
 1231
 9392
  147
 2144
 3735
 7438
 2597
 3705
 7707
 6367
 7696
 8498
  733
 9940
 7340
 2521
 6198
 9195
 2361
 2268
  331
 4528
  149
 6840
 1769
 3990
 4996
 2987
 5131
 4461
 5755
 4040
 5026
 7762
 9712
 9552
 3745
 2289
 5530
 2565
 1685
 1029
 8653
 7054
 4914
  378
  254
 3430
 2895
 1144
 7335
 2820
 7303
 9845
  392
  978
 5666
 1342
 6378
 2146
 8315
 6632
 5501
 7556
 9064
 8589
 7496
 5883
 7100
  869
 2784
 6468
 8797
 2832
 7183
  737
 1843
 7142
 8347
 3588
  619
 7359
 3198
 9079
 3058
 1473
 6437
 8762
 6834
 3612
 1021
 6676
 6376
 7077
 9327
 4609
 6159
 9847
  751
 7407
 8025
 4304
  963
 7314
 9386
 5643
  902
 3205
 9844
 6313
  710
  201
 7234
 9556
 3864
 7112
 5013
 5817
  997
 5538
 4819
 6608
 6570
 5575
 3761
 7395
  521
 8135
 7565
 4925
 5052
 1382
 3125
 2790
 7352
 3410
 9110
 2488
 1463
 2138
 1105
 5745
 8426
 5412
 9535
 1287
 5539
 6140
 8989
 7751
 8103
 8029
 3065
 7777
 4213
 1690
 1798
 9217
 3388
 7611
 7166
 4949
 2887
 1544
 2834
  808
 1982
  383
 5976
 2205
 4028
 4855
  845
 2735
 4023
 1192
 4039
 5626
 8281
 9655
 6769
 2926
 4944
 8285
 9487
  332
 4570
 5365
 3011
 5029
 4746
  894
 2243
 7687
 4699
 6151
  694
 9113
 7467
 4945
 6902
 7829
 2585
 2709
 3208
 5292
 4909
 5100
 1146
 3378
 5030
 2625
 2206
 4557
 7419
  312
 9127
 5203
 8264
 3575
 1566
  721
 2826
 3797
 4899
  770
 9481
 1949
 6788
 3085
 3684
 7785
 4327
 1850
 3902
  232
  698
 1225
  144
 3590
 6056
 9101
 4424
 9007
  146
 7804
 5875
 2175
 7184
 7782
  258
  365
 5821
 4830
 6370
 3713
 2453
  246
 3625
 2949
  161
 8179
 4802
 7241
 8616
 6498
 4310
 5458
 5753
 6126
 7004
 1502
 7087
 5739
 8804
 9293
 2391
 7938
 7886
 5101
 4038
 4997
 8502
 7834
 3527
 3096
  525
 6171
 9337
 3220
  499
 1196
 4297
 1113
 6680
 4680
 5927
 9134
 9966
 3175
 1052
 9284
 9565
 9120
 2348
 9139
 1725
 1066
 4148
 5182
 3329
  615
 4037
 2282
 4133
 5981
 7921
  130
 2809
  502
 1819
 6699
 5857
 6727
 9438
 6761
 4769
 7167
 9621
 6696
 8338
 7965
 2474
 9772
 8447
 8349
 4423
 6203
 2460
 4161
 8175
 6048
 4210
 6994
 6775
  252
 6308
 6940
 2028
 3364
 3609
 3106
 1452
 6554
 1212
 2105
 5334
 1655
 9630
 9647
 8822
 3838
 1928
 1823
 6924
 6719
  729
 2604
 6747
 2272
 8468
 2132
 6379
 5679
 1253
 1883
 4650
  956
 1305
 4276
 1432
 5446
 8144
 3080
 4558
 6195
 7476
 6607
 1535
 5409
 9604
 4916
 7792
 1980
 8274
 2400
 2196
 8451
 6855
 6227
 8355
 4966
 8779
 4879
 1684
 4685
 2641
 9663
 7283
 2054
 3516
 5770
 4518
 7800
 9246
 1526
 4280
 3845
 5212
 8471
 6532
 8723
 8932
 2923
 4714
 7676
 9165
 1541
  657
  167
 1972
  153
 8963
 9117
 4166
 7935
 4229
 8817
 7489
 1868
 1080
 6355
 4000
 7604
 5423
 8965
 5536
 6956
  179
 8515
 2668
 1189
 8316
 2151
 8233
 4233
 2457
 3412
 3867
 3813
 1870
 3001
 1636
 8080
 6561
 3012
 3434
 2893
 1628
 4905
 7730
 1702
 2950
   22
 5837
 3272
 6324
 6489
 6945
 3903
 8698
 5380
 4926
 9872
 7031
 6031
 4115
 4118
 1696
  355
 5628
 3737
 4939
 8111
 4534
   29
 8710
 4715
  990
   32
 2228
 1352
 4963
 3570
 9236
 8740
 4852
 5924
 7478
 4362
 1527
 1586
 7436
 8479
 9824
 5277
 2219
 5886
 6798
 8868
 8455
  109
 7658
  456
 3297
 1129
 6838
 5635
 6612
  547
 4274
 3631
 4582
 7756
 9132
 8288
 3013
 2198
  294
 3710
 9240
  259
 2343
 3075
 7838
 2524
 2946
 3743
 1431
 5974
 8908
  846
 3087
 8268
 4152
 9496
 2386
 3383
 2440
 5730
 1283
 1765
 7275
 3487
  118
 9738
 5729
 9413
 4978
 2137
 9843
 2549
 5247
 4484
 1705
  347
 6230
 3850
 4104
 3849
  941
 5879
 6790
 5368
 1449
 5228
 1070
 9617
 5909
 8241
 4612
 3580
 7067
 9453
  786
 7213
 1306
 3732
  329
 4477
 6615
 8643
 8171
 7819
 5532
 9470
 6251
 9906
 5494
 2038
 4937
 2880
 3904
 7574
 9378
 6224
 4432
 1393
  599
 3653
 2637
 3489
  353
 1280
 4652
 5513
  506
 1581
  848
 3319
 9486
 7830
 2537
 3035
  780
 8619
 7883
 9502
  148
 8960
 7860
  852
 3678
  813
 4787
 2246
 9019
 8049
 3246
 4189
 9990
 4630
 1132
 5558
  105
 3294
 4618
 3574
 4604
 8082
 4467
 1128
 8912
 2723
 5569
 6488
   35
 1034
 8647
 9731
 2849
 4950
 2448
 2933
 1532
 7450
 6663
 1198
 9775
 4822
 7273
 4595
 8600
 9059
 6931
  430
 3857
 2854
 9681
 1795
 2027
 7780
 6839
 9646
 7612
 4933
 7525
 7246
 7843
 3407
 2822
 5524
 4808
 7570
 6756
 6686
 1359
 4862
 8413
  182
 1507
 6805
 4644
 6671
 6204
 4364
 1677
 3878
 7011
 7428
 7870
 8563
 5438
  202
 6440
 1578
 9501
 5474
 5218
 2881
 9426
 8433
 2325
 4587
 2256
 7477
 8073
 2403
 8252
 7897
 8162
 8528
 7154
 2780
 6981
 8770
 4981
 9971
  671
 4571
 6975
 3413
 1177
 6999
 4503
 1661
 4247
 5620
 6339
 1937
 5055
 1786
 1072
 6017
 8436
 4482
 8411
 9883
 8020
 5742
 3195
 2129
 7430
  814
 9978
 3872
 5119
 2355
 1224
 4198
 4608
 9349
  529
 3038
 7480
  594
 6301
 4748
 2920
 3706
 3937
 2928
 1673
  921
 5946
 2792
 8017
 4938
 3593
 7466
 8477
 3232
 9228
 5217
 4282
 5535
 1259
 5831
 2582
 1822
 3483
 2977
  283
 7512
 2103
 9092
  395
 9514
  276
 2292
 5580
 2740
 5903
 2360
 7576
 4816
  616
 9428
 8773
 3408
 4922
 1768
 5033
 6984
 7894
 6353
  862
 4182
 3966
 3962
 8661
 2112
 5325
 3861
 8651
  973
 9439
 4753
 6103
 1108
 6802
 6242
 7146
 2862
 2202
  198
 8719
 5120
 1666
 6691
 5045
 8196
 8336
 4573
 3957
 6509
 5936
 2566
 1091
 2046
 9286
  950
 5444
 8603
 2547
 4361
 5230
 4586
 7784
 9610
 2859
 7958
 4647
 5545
 5760
 5490
 5411
 9816
 5527
 5644
 6001
 5498
 9263
 9241
 7911
 3023
 8862
 3113
  768
 7289
 9766
 9744
 5672
 8339
  668
 5528
  530
 1964
 3123
 9424
  482
 9491
 4403
 7243
 1387
  701
 9910
 7390
 4144
 2721
 7405
 9072
 5044
 3479
 1299
 2293
 5410
 5363
 9532
 6971
 3000
 1315
 5984
 6299
 4565
 9528
 8356
 9255
 4965
 5253
 5169
 2096
    6
 2911
 6401
 8834
  621
 9823
 9078
 9322
 1737
 8707
 5402
 6844
 6655
 3852
 2281
 2162
 6319
 5302
 4720
 9146
 8520
  519
  986
 8201
  558
 6669
 5094
 2233
 6849
 7907
 3374
  739
  767
  953
 2481
 6793
 2842
 5719
 4010
 8986
  143
 1425
 1945
 6268
 4153
 8240
 4063
  702
 1742
 7153
 6477
 3605
 9549
 3244
 8359
 8161
 7010
 7887
 8645
 4814
 6989
 7949
 7483
 3317
 4465
 6362
 2567
 3273
 7649
 1121
 5649
 4888
 6544
 6089
 6071
 9735
 2769
 5762
 1278
 2851
 7513
 6938
 9147
 4142
 2357
 8573
 9935
  124
 1498
 3100
 9720
 8877
 6447
 2737
  284
 3975
 8053
 3203
 6979
 2478
 3200
 1334
  576
 3866
 1603
 6360
 4092
 4804
 2856
 7608
 6364
 1327
 3313
 7083
  402
 9340
 9467
 8870
 3104
 3581
 9266
 4025
 1310
 3076
 9048
 6751
  842
 6173
 4358
 1295
 9632
 1439
 5990
 2462
 3898
 1110
 2437
 7932
 1816
 8626
 2536
 5550
 6993
  101
 2656
 5042
 4330
 4537
  322
 9083
 5994
 1458
 2323
  830
 7180
 3752
 4065
 6891
 5693
 4287
 9792
 1986
 2800
 9733
 7355
 5085
 6160
 3237
 4170
 4677
 3690
 8074
 1631
 8805
 8500
 5560
  325
 2102
 4157
 7026
 9998
 2366
 5245
 5594
 2963
   36
 8352
  189
 9730
 8101
 5525
 8901
 1474
    5
 5546
 3105
 9974
 8410
  336
 3226
  370
 3178
 4252
 9583
 3107
 5585
 2645
 8181
 4442
 4123
 2940
   52
 6658
 3877
 9517
 9641
 8979
 9209
 3577
 4340
 6309
 4843
 1747
 7818
 3597
 8914
  720
 9477
 9637
  390
 7106
 8307
 1250
 1755
 3670
  117
 3774
 9133
 6330
 3896
 1466
 4094
 5264
 1992
 7279
 7182
 9763
 4068
 5425
 3269
 9225
 9959
 1106
 5779
 7042
 5023
 7752
 1649
 8933
 2428
 6343
 6136
  762
 8047
 1720
 3960
 5913
 2408
 2519
 7204
 1294
 7937
 3433
 5929
 8622
 9737
 4475
 9759
 7706
 3194
 6816
 3225
 6318
   46
 5690
 2922
 6004
 1911
 9163
  651
 6336
 1496
 9980
 1168
 6036
 7981
 8536
 6453
 7577
 4700
 3989
 9894
 7775
 9270
 2442
 2451
 4015
  633
 5688
 1292
 7305
 1840
 2036
  995
 4020
 5039
 2288
 6351
 8402
 5811
 1882
 2563
 7713
 3730
 9049
 1004
 5344
 2124
   45
 7471
  510
 4665
 6732
 4544
 9455
 7186
 7678
 1994
 2789
 5304
 1031
 3523
 6416
 1783
 1776
 2365
  409
 1407
 4325
 6685
 6742
 3507
 1402
 1597
  560
 2889
 4108
 3806
 2870
 4289
 9495
 8993
  850
 1355
 3614
 3126
 9373
 7308
 4667
 2060
 3669
 3762
 5692
 8720
 3471
 1378
 2101
 2601
 6096
 3300
 6235
 8043
   11
 7317
 3909
 7159
 5126
 2496
 6092
 7915
 3440
 7866
 3476
 3894
 2918
 8358
  249
 8326
 8684
 3680
 1190
 8393
  535
 3798
    3
 8978
 1520
 4091
   94
 5171
 9159
 5337
 8699
 1521
 1899
 7406
 2874
  939
 5151
 4559
 1050
 8024
 6499
 5195
 6125
 6874
 1784
 8470
 7695
 1594
 7869
 4230
 3196
  240
 7904
 6044
 6074
  292
 5332
 7012
 6469
 8633
 2463
 4302
  404
 3986
 2866
  659
 4857
 8486
 4136
  508
 5367
 7457
 5442
 2447
 4955
 3658
 5435
 7196
  600
 3917
 2106
 2535
 1324
 2804
 2858
 6944
 2213
  208
 6823
 5234
 1557
 4729
 5083
 7982
 4082
 9964
 9253
 3078
 3655
 8208
 6506
 1357
 9429
 9897
 8987
 9685
 8072
 4551
 2778
 8842
 3332
 4430
 3500
  574
 3480
 2239
 7019
   16
 3533
 8847
 8776
 1206
 6748
 5787
  989
   51
 8596
 2898
 7056
 2450
 1676
 1277
 3541
 4348
 3573
 9919
 1457
 2969
  437
 2765
 6750
 3183
 6063
 8598
 5294
 8267
 1257
 9465
 3674
 8202
 1036
 2655
 2031
 3473
 3930
 8786
 4317
 8946
 1074
 3211
 6493
 2506
  756
 6256
 6098
 9963
 5625
  443
 6354
 1565
 6718
 2939
 3230
 4468
 9818
  450
 7022
 7541
 7084
  107
 1007
 5895
 2649
 5180
 8204
 8860
 8388
 4343
 1051
 7993
 6215
 7043
 6374
 7329
 6134
 8709
 5834
 2932
 8054
 8513
 7168
 6474
 2533
 7331
 5388
 6038
 9861
 1319
 9188
 1273
 6620
 1763
  561
 6163
 7625
 6980
 4538
 4984
 5608
 4878
 6084
  875
 3766
 6478
 9768
 1214
 4517
 7266
 4286
 1018
 4840
 2347
 3142
  882
 9490
 5298
 6117
  557
 8055
 4377
 5973
 9096
 1053
 5945
 7499
 7113
 7893
 3009
 7637
  500
 5396
  401
 5622
 5385
  241
 5162
 2936
  396
 5836
 4784
 3442
 4494
 7157
 2372
 3060
 7963
 8044
 5597
  343
 8970
 6928
 6858
 5838
 2664
 1210
 4663
  924
 3108
 1194
 4988
 9967
 5027
 7325
 4428
 5926
 2925
  367
  955
 9278
 2454
 5022
 2560
 4270
 1103
 6619
 8530
 5707
 7020
 6881
 8579
 8900
 3216
 6941
 9904
 1683
 1551
 5953
 8227
 5046
 3018
 6911
 2527
 9493
 6327
 9891
  290
 5261
 7742
 5305
 7000
 8529
 1915
 8548
  111
 6023
 8503
 5559
 8897
 1266
 3397
 7301
 1644
 4129
 1248
 8581
 8276
 3109
 1376
 1267
 9198
 2191
 3511
 4005
 1084
 3477
 9561
 4396
 9203
 7370
 6388
 2305
 1967
  461
 1510
 1760
 9846
 2093
 8333
 3739
 7323
 8099
 9420
 3124
 3624
 4066
 5439
 6123
   12
 6778
 2117
 2185
 8106
 8228
 2302
 3170
 5822
 7052
 1131
 5092
 2542
 4418
 3207
 5386
 8270
 2867
 6407
 4034
 9384
 8422
 5854
  361
 9571
 2171
 8890
 6651
  915
 1213
 2517
 9091
 4472
 3736
 5670
 9686
 9757
  513
 5576
  752
 7270
 6072
 9563
 1373
  381
 8238
 1099
 6580
 1242
 5645
 1218
 4631
 3302
  665
  483
 5488
 1667
 1770
  792
 9710
 7913
 1320
 4766
  712
 8377
  419
 2897
 7794
 1996
 3771
 5215
 8791
 2754
 1340
 7858
 3403
  617
 3578
 5928
 7755
 8678
 5205
 6504
 3704
  181
 6550
 8192
 5847
 3312
 3825
 7700
 7045
  286
 2195
 5654
 6656
 8081
 4120
 1517
 3092
 7475
 4782
 9880
 5271
 2236
 4478
 3099
 9709
 8785
 7515
 2484
 7013
 6569
 2301
  263
 5853
 1048
 9407
 8950
 3368
 8220
 4014
 9611
 6955
 8085
 4199
 3816
 4457
  940
 7211
  553
 2891
 9348
 9087
 4870
 3422
 5032
 2622
 4448
 2086
 2543
 8911
 5127
 1516
 9810
 5978
  571
 2650
 1300
 1777
 8223
 8069
 9882
 5587
 2419
 5237
 2685
 7174
 3081
  938
 8994
 5675
 3915
 9784
 9334
 5735
 8819
  844
 3595
 5947
 3254
 5748
  192
 1876
 2509
 5200
 9961
 1424
 3505
 7076
 3347
 2985
 7865
 5147
 7917
  722
 3056
 8945
 7114
 6419
 4712
 1487
 6959
 8147
 5256
 6222
 5505
 1941
 1483
 6402
 7519
 5989
 3793
 1405
 4552
 9275
 8943
 1450
 4032
 2663
 5080
 8190
 3952
 9562
  636
 2756
 2252
 8466
 8093
  256
 6786
 6814
 4919
 5172
 6286
  556
 2133
 3089
 4504
 6464
 2472
 4891
 4205
 6998
 5747
 3482
 2553
 4827
  799
 1706
 5887
 1536
 2002
 2841
 7462
 9667
 5786
 5529
 4869
 7129
 7006
 4087
 4703
 6575
 4873
 3351
 1392
 2164
 5726
 8663
  356
 2044
 7974
 9589
 8318
 9116
 5935
  765
 9938
 7850
  497
  645
 2968
 7412
 6317
 4126
 1963
 5902
 9976
 9811
 3552
 6720
 4045
 6725
   50
 1552
 3959
 8272
 5798
 4415
 6889
 7557
 6458
 5114
  295
 9499
 9074
  285
 9962
 5426
 2331
 2411
 8561
 3377
 1241
 5999
 9385
 5722
 7310
 4216
 7140
  334
 6013
 5966
 1721
  824
 6445
 9025
 2186
  926
 1240
 5319
 9248
  203
 9290
 4076
 5938
 5812
  369
 2231
 3238
 1792
 3779
 1645
  932
 5677
   87
 4593
 4722
 4687
 2609
 1771
 7039
 7984
 8585
 1069
 5206
 6779
 2584
  637
 8750
 6285
 7504
 8570
 6135
 9869
 3700
 8757
 5152
 1847
 7923
 6341
 8321
 5761
 7391
 2221
 4545
 5709
 4242
 5521
 8016
 9965
 3048
 1216
 6428
 5134
 2098
 9035
  823
 3485
 6021
 6385
 4761
 3973
 2291
 4355
  427
  422
 4682
 1222
 9651
 5616
 7673
 2994
 7103
 3229
 2791
 4591
  674
 9218
 6320
 4206
 8329
  592
 5267
 4244
 3916
 7358
 7429
 1395
 6556
 2141
 5948
 5313
 5441
 1311
 1605
  629
 6688
 1563
 7679
 4255
 7501
 3718
 1680
 7791
 1550
 6730
 1583
 1810
 9508
 7418
 8434
 3571
 9862
 1832
 4975
 7532
 6579
 2711
 8050
   96
 4776
 1984
 9778
 6533
 8535
 8985
 4307
 4305
 8517
  859
 3886
 3512
 2166
 9060
 2071
 8583
 8854
 1944
 1511
 4554
 1174
 5065
 4549
 5464
 8416
  358
 4130
 1827
 6643
 8582
 2692
 6066
 1539
 4991
 6357
 5685
 8888
 3796
 4386
 1966
 9507
 5851
 5112
 5793
 7177
 9020
 5404
 5463
 2564
 2423
 5214
 2632
 4532
 9533
 8478
  925
 3472
 4158
 7247
 5794
 7503
 5014
 3458
 4149
 4656
 8480
 7839
 4311
 9954
 4051
 6052
 3029
 4171
 2620
 9727
 4717
 4046
  889
 1236
 4880
 5691
 4447
 9887
 4338
 5639
  680
 5395
 3650
   62
 1663
 6430
 6097
 4801
 6492
 2326
 6462
 4691
 4625
 3331
 2396
 1884
 6253
 5785
 9260
 1165
 3517
  565
 3622
 4004
 6621
  275
 9039
 7284
 4156
 6884
 4556
 3417
 9711
  614
 7262
 8886
 5239
 6423
 1381
 9029
 1479
 2638
 9095
 7253
 2160
 5281
 2983
 8962
 4590
 9177
  593
 9233
 2436
 4541
 6479
 8221
 6871
 2152
  753
 6122
   85
 8275
  876
 7404
 3826
 2530
 4664
 8977
   17
 4893
 8796
 7156
 6927
 7444
 4767
 8655
 2286
 5893
 2876
 8954
 9587
 3277
 2850
 2623
 4407
 9485
  305
 1037
 7121
 7392
 2023
 5997
 9324
 9205
 9983
 1525
 4653
 8553
 9907
 1505
 8370
  493
 5652
   69
 6709
 8509
 2828
 9842
 8191
 2681
 3359
 1671
 4048
 9435
 8571
 8122
 9669
 9398
 1058
 8704
 2975
 9476
 2299
 5636
 3860
 7082
 9530
 1333
 4116
 1285
 7440
 5968
 5890
 7033
 1817
 2823
 7057
  120
  164
 9151
 9572
 3784
 3039
 6054
 3832
 7245
 2794
 7332
  774
 3426
 4616
 1548
  417
 6304
 4138
 1482
 1428
 1011
 2244
 9115
 6851
 2552
 9282
 9313
 4470
 5020
 5012
 8846
 6967
 8446
 8308
 1112
 6070
 8734
 1672
 3131
 5804
 1462
  717
 6068
 2581
 7694
 1003
 7098
 7748
 1025
 9689
 9765
 4225
 5495
 8745
 6426
 3002
 8291
  572
 1529
  912
 8996
  861
 1291
 5194
 4995
 9405
 9005
 7088
 2159
 3431
 7652
 3728
 8703
 2216
 9187
 5874
 3443
   82
 2043
 4200
 3045
 2718
  676
 7952
 1323
 8378
 5848
 7216
 8286
 8534
 3821
 6196
 7867
 6853
 1658
  866
 9307
 1009
 9960
 8490
  685
 2433
 1264
 4036
  217
 4483
 9803
 4907
 6848
  324
 2883
 9903
 6985
 1064
 6983
 5584
  214
 1728
 2578
 1955
 6129
 9746
 7646
 3484
 7660
 9461
 6585
 6930
 2746
 4964
 7960
 4522
 8836
 9937
 1086
 2669
 1205
 2561
 6942
 2004
 5882
 3963
 5153
 8671
 4382
 5451
 6322
 2996
 7662
  820
 3883
 3811
  216
 7682
 7063
 4381
 4860
 2512
 9121
 2618
 7070
 5499
 2065
 8845
 8578
 1265
 2921
 9291
 7594
 4019
 2710
 6272
 7985
 7282
 1175
 8360
  323
 1377
 9570
 9299
 4400
 1989
 7222
 3697
 1556
 8899
 4967
 4651
 3892
 5807
 2342
 1698
 8835
 8340
 5664
  759
 3846
 1753
 3794
 9941
 9613
  582
 9639
 6041
 8919
 8409
 1022
 5187
 3891
 2500
 2915
 7456
 7692
 2539
 9497
 3938
 2627
 5150
 2177
 5542
  479
 4832
  644
 8379
 7034
 7623
 3620
 2130
 4695
 9773
 9010
 1179
 7749
 6409
 1568
 1456
 6828
 2961
 9221
 8476
 3747
 5918
  326
 4923
 2942
 4251
  595
 3405
 9277
 2865
 8305
 6495
 3147
 6217
 2407
  899
 4798
 7854
 7232
 5919
 3308
 2776
 3453
 2758
 7017
 3088
 4119
 6277
 3961
 5158
 5283
 3940
 8539
 9868
  348
 9956
 5415
 8331
 3831
 8324
 9658
 7488
 8501
  907
 3893
 6232
 5906
 1314
 3810
 6731
 7916
 5519
 2855
 8916
 9789
 4903
 5611
 3303
 3350
 7470
 5159
 4387
 2479
 1745
 7187
 4031
  689
 7551
 9447
 8510
 5326
 8872
 1741
 5642
 4681
  494
 7863
 1160
 7049
 5249
 3241
 7109
 9985
 9873
  959
 2468
 3699
 1089
 1900
 1906
 4752
 2405
 9916
  486
 4344
 2327
 6209
 5595
 4410
 8070
 8414
 9155
 7930
 9471
 9877
 2445
 1460
 9194
 1167
 1097
 6284
 1500
 7999
 7229
 6241
 2439
 8935
  380
 8840
 3165
  649
 6503
 2953
 9215
 2021
 6963
 1255
 5482
 8008
 3218
 4904
 7871
 7640
 8496
 7564
 6638
 5357
 5910
 4566
 2006
 5449
 9913
 8391
 6302
 2495
 2254
 2532
 7073
 9189
 3871
 4164
 6238
 6529
 3607
 5744
 6262
 5290
 8607
 1035
  222
 5421
 2807
 9603
 2904
  958
  478
 5506
 7260
 3141
 3262
 2157
 1679
 3701
 1855
 9643
 4219
 6164
 7228
 6105
  251
 8952
 2295
  960
 5640
 7758
 7485
   98
 1593
 1793
 4962
 5255
 7776
 7675
 4080
 5941
 5397
  714
 7805
 4445
 4733
 6481
   83
 2615
 7252
  453
 9272
 8217
 1215
 4759
 6563
 6819
 5246
 6759
 9520
 4936
 7285
 7726
  195
 4868
 3922
 2927
 7493
 7441
 9036
 1275
 7535
 3550
 1647
 4730
 8519
 2204
 9216
 6600
 3529
 3130
 6511
 1940
 1100
 6684
 3788
 3083
 5829
 3812
 5006
 7119
  923
   42
 3137
 2831
 7729
 8284
  171
 1411
 5711
 8549
 6250
 2250
 8920
 7376
 7309
 2825
 5108
 9310
  909
 9634
 8560
  891
 5353
 3842
 8833
 1564
 9665
 8219
 1589
 5079
 3943
 9123
  187
 1380
 2147
 6442
 6880
 8852
 1595
 1394
 3049
 1841
 7342
  970
  624
 1033
 3248
 9600
 5036
  550
 2954
 4686
 3019
 1931
 3274
 3744
 8482
 2397
  168
 9946
 1716
 1729
 6236
 5533
 6231
 7422
 8672
 3138
 9269
 8983
 9649
 7326
 6903
 2483
 7240
 8064
 8439
 7736
 4373
 4943
 1269
 4195
 1871
 2082
 8621
 4738
 9350
 5961
 3306
 9109
 3686
 7497
 2744
 3823
 7416
 5178
  154
 1199
 9018
 5478
 7038
  761
 7170
 4643
 9262
 5469
 3346
 9918
 3097
 5955
 6331
 3951
 5209
 7267
 9939
 3677
 9154
  472
 3021
 3206
  227
 1514
 6674
 6937
 4292
 3764
  708
 9022
 5870
 2761
 8830
 1559
 7651
 9628
 9224
 4727
 9972
 8931
 6053
 3629
 8002
 9726
 1839
 9697
 9543
 5738
 4953
 5638
 6549
 4751
  104
 9169
 4929
 1293
  578
 1443
 2643
 2840
  406
 5734
 4309
 6536
 9080
 8928
 9742
 8955
  313
 2425
 3765
 9504
 6534
 6410
 8636
 1604
  742
 3695
 5547
 6626
 6921
 8567
 3349
 9826
 8771
  330
 7719
 5465
 3016
 7966
 3530
 6131
 8538
 3149
 1181
 5917
 5329
 8562
 8516
  920
 3908
 4172
 3564
 3432
 6665
 9674
 4257
 8209
  357
 9620
  376
 7641
 4013
 5577
 7961
 8071
 9388
 4550
 3283
 2712
 6473
 3998
 8423
 3492
 4499
 1138
 5282
 6909
 5160
 3069
 7559
 8580
 9006
 4850
 1616
 1617
 7384
 7120
 1413
 8417
 2104
 9136
 3371
 2679
 4508
 1337
 1746
 2183
 9656
 8752
 2449
 9144
 1120
 4062
 8019
 4486
 2224
 6890
 9706
 7449
 2477
 3879
 3041
   39
 2025
 2095
 4713
 8612
 6897
 7508
 8092
 3556
 1358
 4716
 5756
 7741
 8874
 5803
 9851
 3358
 3278
  414
 7722
 8787
 7150
 2274
   61
 3769
 1607
  342
 5157
 9164
 2308
 3167
 2059
 1662
  244
 4540
 1615
 6411
 1643
 8309
 5456
 7584
 5074
 9531
 7795
 6395
 5480
 9729
 7096
 4404
 5231
 8152
 4035
 8947
 8062
  650
 6628
 4169
 6391
 8048
 5143
 7415
  466
 3715
 7333
 2970
  732
 3751
 9281
 2083
 1874
 6381
 1925
  225
 7947
 3694
 9066
 6603
 9294
 8158
 8666
 3984
 2156
 1046
 5051
 9336
 5605
 8894
 6112
 3438
 3532
 3400
 8728
 9519
  306
 4180
 8364
 8032
  670
 9271
 9033
 8320
 9238
 7716
 2901
 4333
 7987
 8485
 1619
 3073
 5769
 2413
 2550
 5031
 6454
 4754
 7318
 6833
 7976
 5892
 3464
 2497
  152
 7626
 3558
 7670
 1627
  778
 3086
 1469
 5274
 2574
  518
 9569
 8867
  764
  507
 6803
 2041
 8755
 1752
 2317
 4493
 1349
  806
  647
 4481
 6298
 8646
 1914
 3260
 8575
 5058
 7425
 2955
 1343
 3143
 5053
 1156
 4323
 6974
 1159
 7621
 5615
 4560
 5901
 3461
 4331
 9902
 8022
 2943
 2680
 8778
 8376
 2773
 8371
 3722
 7111
 7579
 6752
   63
 9537
 2235
 3726
 1067
 1608
 3835
  584
 5086
 3727
 9671
 1678
 1288
 7179
 7023
 5876
 7680
 3600
 2708
 5310
 6646
  559
 9795
 9445
 9800
 7861
 5483
 1118
 2997
 8591
  999
 2121
  279
  985
 4093
 4313
 1256
 2485
 2026
 9003
 1143
 4772
 7024
 2364
 8521
 6739
 3094
 5350
 6920
 4135
 7161
 4629
 9657
 9698
 2667
 8705
 6271
 8345
 6194
 8777
  337
 1711
 3469
 3583
  234
 4002
 6832
  220
 2163
 9970
 2075
 4875
  681
 5193
 8140
 9075
 8949
 3340
 1445
 9987
 6590
 5252
 9734
 4998
 3420
 3068
 1506
 6368
 2759
 6740
 4385
 3642
 1886
  245
 9458
 7544
  464
 6248
 6957
 7681
 9539
  512
 7169
 2596
 9688
 7809
 6772
 4694
 9952
 6166
 3830
 3675
 4202
 4684
 5827
 2107
  135
 3646
 9149
 9901
 2505
 2469
 5262
 7983
 4848
  543
 4671
 4622
 6565
 7715
  810
 4183
 6115
 2024
 1470
 9660
 6026
 3144
 4405
 5393
 6539
  706
 2989
 4987
 8825
 3339
 6613
 1444
 2262
 1504
 3923
 5975
 4232
 3995
  138
  812
 2229
 8584
 7889
 7840
 2473
 3939
 5511
 3927
 4796
  310
 9023
 3910
 4061
  223
 5028
 8098
 1420
  190
 1197
 2771
 5419
 6015
 8766
 8650
 9943
 1139
 4774
 9057
 7864
 4128
  933
 9551
 7605
  140
 8522
 4970
 3139
 3666
 7090
 4474
 8046
 4334
 3496
 3333
 8824
 5930
 8556
 7451
 8130
 7667
 6356
 1932
 8133
  448
 6616
 7712
 9245
 2001
 5684
 1318
 4443
 4275
 8606
 2786
 4635
 3452
  226
 6865
 4083
  856
 8187
 2280
 9932
 6988
 7590
  987
 4316
 1410
 8732
 5054
 4077
  184
 7148
 3314
 9042
 2839
 4437
  867
 4509
 5235
 6446
 3685
 7409
 2207
 8982
 2172
 4502
 8602
 3535
 2988
 8454
 7732
 4174
  212
 5061
 9898
 7905
 6152
 8736
 1951
 1942
 1254
 9721
 8086
 6753
 1591
 4755
 5204
 1082
 9279
 6722
 8185
 4920
 3901
 9786
 8887
 1083
 7136
 2290
 9013
 2275
 1938
 6862
 4495
 6905
 8145
 8657
 3071
 1368
 8525
 5868
 6519
 1831
 7572
 3970
 3127
 2064
  736
 7108
 9599
 7143
 1398
 9968
 7788
 5387
 6729
 4277
 5871
 6689
  552
 1610
 4511
 2600
  522
 2387
 8237
 9312
 6517
 7494
 6490
 7828
  838
 9321
 3862
 3063
 9830
 6515
 1723
 4853
 7817
 1062
 9635
 5757
 9125
 8574
 5983
 1133
 3259
 8565
 4602
 8405
  897
 2354
 2951
 8206
 8968
 6314
  929
 1286
 4948
 7690
 6562
 5148
 4692
 3801
 1898
 5687
 6706
  713
 4610
 1453
 9715
 4673
 6949
 4433
 2111
 6057
 1577
 5287
 4017
 6118
 6249
 1322
 8445
 5338
 8136
 3592
 6190
 3421
 8229
 5656
 3299
 5173
 8443
 2030
 7014
 8314
 3519
 3380
 5660
 4155
 5699
 9135
 2328
   20
 8100
 1630
 9031
 5484
 3548
 7172
 5593
 6513
 1543
 5954
  785
 2080
 9297
 3657
 5502
  691
 2297
 6022
 5360
 5791
 1858
 5588
 1530
 9750
 4220
 1893
 8489
 3054
 7071
 5057
 6560
 6482
 2833
 6714
 1710
 9576
 5207
 1335
 4098
 3504
 7946
  454
 1187
 4611
 3491
 4359
 5471
 9518
 5667
 6705
 9376
 2538
  883
 4178
 3514
 9258
 1176
 2149
 1268
 2337
 8869
 3881
  898
 8882
 2007
  931
 1785
 9100
 1965
 8424
 8566
  993
 4777
 8542
 1180
 2169
 6460
 4638
 2431
 8829
 5697
 6522
 2982
 4197
 4245
 6933
  677
 6915
 9114
 2123
 2614
 5613
 5342
  548
 6016
   95
 8231
 1682
 9364
  934
 6047
 8497
 5916
 2062
 3199
 7980
 1624
 4675
 1178
 4001
  626
 7685
 2562
 2383
 6114
 8625
 7315
 2938
 6635
 2747
 4406
 9488
 2653
 1629
 8199
  818
  704
  991
 3034
 5842
 7321
 2720
 5443
 4054
 4809
 5957
  410
 1968
 2719
 3520
 3478
 7600
 3855
 7767
 8013
 8395
 8328
  215
 6610
 9367
 6830
 6867
 8257
 9200
 9957
 4968
 5174
 7606
 2499
 3235
 2606
 3323
 7507
 6652
 7647
 3245
 2242
 9677
 4693
 1484
 4813
   77
 1878
 3387
 4345
 1794
 3375
 5414
 5429
 2570
 6606
 4089
 2194
 3402
 6257
 1284
 7197
 2998
 2424
  481
 9629
 6225
 1660
  564
 8664
 1465
 3994
 8631
 1054
 3792
 8652
 3263
 9831
 1845
 6366
 3907
 4613
 3064
 3803
 4956
 8167
 8040
 7086
  817
  260
 1533
 7799
 1164
 1200
 6186
 8861
 1151
 1750
 3425
 2751
 1924
 7724
 2593
 2906
 3829
 8690
 3017
 7455
 9068
 9676
  653
 2551
  880
 5099
 2426
 5507
 7377
 5931
  836
 3102
 2736
 5844
 1642
 9605
 7959
 7410
 3772
  684
  828
 2847
 2872
 7992
 8028
 2598
 8463
 1626
 4422
 5400
 8904
  344
 3499
 1641
 3549
  354
 4805
 2652
 2170
 9172
  537
 3411
 4646
 2227
 7796
 3851
 6418
 5199
 9479
 5737
  983
 1078
 1068
 9061
 4835
 7381
 3189
 6887
 1094
 5772
 5455
 3510
 8097
 5614
 9950
 7962
 4672
 5631
 4726
 2109
 4451
 3716
 5265
 1618
 9259
 5641
 6808
 4732
 3921
  262
  696
 4301
 1442
 6973
 5312
 4536
 9614
 6653
 2197
 3859
  630
  910
 5111
 5346
 6312
 2697
   99
 1731
 2226
 7925
 7452
  175
 8546
 7276
 3328
 7698
 3150
 4125
 9044
 3725
 3202
 3568
 3668
  620
 2110
 3874
 6289
 5110
 1888
 8066
 2187
 1421
 1369
   79
 2322
 6369
 1905
 6258
 2182
 7773
 1547
  888
 9889
 6141
 6143
 1272
 8170
 4008
 8764
 8980
 9683
 7192
 7989
 9536
 9578
 9077
 6807
 4603
 3119
 5299
 3217
 6177
 3160
 8128
 9523
 3148
 9437
 7322
 2358
 9975
 1388
 1775
 7351
 6864
 2814
 9896
 9574
  204
 6899
 8669
 5579
 6969
 3062
 6449
 6338
 2659
 2113
 5161
 7710
 2211
 9292
 7435
 4269
 6000
 8437
 6155
 5570
 8537
 4238
  382
 6333
 7901
 1101
 1354
 2269
 2767
 2610
 5285
 4253
 8211
 6373
 2884
  287
 7772
 1006
 7055
 5520
 5780
 9996
 6543
   28
 9608
 1561
 3703
 7338
 5556
 4735
 3180
 6666
 2579
 9099
  517
 3285
 7263
 2675
 9979
 5629
 6035
 7848
 7453
 2871
 7316
 4455
 9082
 4779
 7903
 8749
 8105
 1592
  432
 4440
 7613
 1045
 8021
 1459
 3457
 6142
 7527
 1873
 3928
 4745
 2283
 6060
 9251
 9143
 7899
 8261
 9305
 3840
 4757
 8404
 4594
 9566
 8089
 4621
  673
 5105
 2232
 2957
 7107
 2575
 3536
 6497
 1887
 1780
 2944
 6233
 2066
 2306
 4669
 8057
 8026
 2548
 9625
 7237
 8160
 5323
 1230
 9875
 6713
 1109
 8611
 6678
 2099
 3679
 5544
 9054
 8033
 7659
 6045
  514
 2356
 5448
 1694
 7593
 5064
 1055
 7191
 4763
 1065
 9070
 3315
 4053
 3553
 4577
 1116
 7668
 5240
 5554
 2220
   68
 2875
 7050
 4234
 7203
 6701
 3128
 4826
 3890
 6892
 7636
 3494
 6712
  139
 7924
 9088
 7468
 1302
 1336
 4009
 7738
 4690
 3985
 8118
 1588
 1229
 8724
 5680
 8743
 3468
 6156
 2276
 6869
 3242
 8765
 7877
 4744
 7740
 8037
 7286
 5596
 7598
 3795
 2179
 9002
  515
  270
 7518
  782
 8341
 3913
 9753
 3531
 1988
 8427
 6120
 5430
 7373
 2050
 2947
 9860
 5889
 7126
 5418
 7514
 4329
 8756
 9329
 6501
 1298
 1879
 7737
 9380
 6496
 8512
 1929
 8531
 7836
 9797
 4243
 2333
 7900
  601
 5971
 1427
 9406
 3204
 9993
 9264
  539
 9372
 3321
 8731
 2203
 6073
 7888
  315
 6116
 5149
 1152
 9190
  197
 9654
 6836
 2750
 8609
 5371
 4143
 8444
 3116
 9303
 2351
 9849
 2285
 8005
 8884
 9354
 3437
 9564
 3707
 8544
 1894
 8635
 7394
 2081
 2788
  669
 7092
 3243
 5069
 4935
 4724
 3641
 3601
 7672
 9922
 9890
 7066
 1569
 4372
 3365
 1620
 7622
 5566
 1499
 1434
 7686
 2116
 3579
 3936
 5784
 9466
 4011
 6604
 7539
 9180
  400
 4188
 3027
 7122
 9597
 7943
 3542
 5736
 1659
 8235
 1430
 9557
 4374
 8722
 7978
 5888
 7264
 9723
 1404
 2693
 5771
 1922
 5427
  662
 9544
 5965
 2821
 7482
 1538
 7272
 5810
  199
 8306
 8717
 1836
 7563
 2176
  460
 1670
 9986
 6647
 2310
  267
 4896
 4332
 3870
 8001
 3258
 3853
 9633
 3555
 6025
 9648
 8059
 7744
 1575
 8381
 5646
 7487
 3490
 5293
 9615
 1418
 3120
 4267
 6948
 4272
 9739
 9500
 2801
 7857
 3746
 6433
 7531
 3920
 7238
 6090
 2489
 4431
 1969
 4709
 6051
 9168
 9812
 1790
 3513
 6639
 7797
 6335
 6417
 5774
  488
 3446
 2662
 7774
 3267
 8767
 7825
 9511
  538
 7295
 8768
 4114
 6987
 2115
 1952
 7110
 6977
 8350
 8163
 5985
 1013
 8132
 5795
  210
 3247
 3153
 1403
 2607
  579
 2634
 1867
 3111
 5244
 3873
 7846
 4601
 3222
 4512
  174
 2730
 6078
 5668
 8448
 4562
 6861
  835
 9858
 2639
 4163
 2516
 5432
 6813
  727
  228
 5850
 8687
 7173
   86
 4642
 2014
 7739
  854
 6027
 5497
  697
  580
 1665
 9021
 3501
 1707
 5564
 9328
 3352
 5894
 7139
 1553
 4376
 1217
 6508
 2255
 8800
 7210
 5733
 2644
 5129
 4356
 8940
 9515
 6399
 8981
 8015
 9732
 8843
 2743
 8938
 2078
 9156
 5911
 4960
 8601
  623
 2707
 8676
  916
 6436
 4742
  741
 3419
 3566
 6605
 6943
 2058
 5263
 1289
 8265
 5551
 1634
 9863
 8129
 7003
 8126
 3084
  362
 5142
 3010
 8850
 6079
 5904
 7868
  221
 1936
 1426
 1290
 1748
 4658
 1391
 6780
 8784
 6162
 3036
 2154
 6916
 9924
 1274
 8056
 7634
 2779
  524
 3654
 2924
   76
 9067
 1331
 6191
 7882
 3634
  351
 6168
  949
 2200
 2359
 2654
 1599
 2808
 8638
 6841
 2798
 5583
 5005
 5450
 3146
 4515
 6414
 8148
 6091
 5250
 5951
 1076
 8742
 5703
  628
  646
 4131
 4137
 8212
 9668
  477
 5233
 5522
 4946
 1985
 2540
  962
 6896
 7421
 8061
 6216
 6624
 2631
 4820
 9638
 6868
 5881
 3357
  994
 4934
   38
 7664
 3506
 8541
 2695
 8205
 5878
 5088
   58
 7814
 2752
 8343
  532
  265
  972
 4141
   49
  635
 5969
  415
 5508
   66
 5908
 2617
 3925
 9659
 6003
 1509
 7548
 4237
 8848
 2370
 2810
 9981
 3618
 3101
 2931
 5493
 2087
  877
  541
 6456
 2467
 6545
 4858
 4187
 1799
 5512
 7458
 9885
 6835
 6128
 8828
 3338
  672
 4444
 7231
 5268
 2388
 2586
  660
 7448
 2303
 1797
 8487
 8913
 2208
  930
 7035
 7661
 7386
 4942
 5196
 1956
 9182
  328
  103
 4521
   26
 2900
 2674
 1958
  445
 7380
 1204
 1071
 5398
 3187
 3330
 2070
 2376
 7363
 1632
 9457
 4705
  947
 6991
 3971
 1833
 5372
 6470
  196
 5589
 6172
 9781
 5453
 7881
 8348
  271
 2705
 2869
 8494
 2892
  141
 2612
  102
 5806
  779
 7181
 9170
 5007
 4877
   60
 7599
 4707
 7484
 9212
 8296
 6169
  843
 5861
 9261
 1703
 9575
 1576
 2199
 3416
 7379
  289
 1297
 8150
  612
 9311
 2502
 2886
 7995
 3802
 6789
 9522
 2888
  832
 3987
 5959
 3280
 8146
 6265
 5541
 4111
 4910
 7215
 3740
 6633
 1161
 5098
  341
 9695
 3662
 2795
 5696
 5514
 9047
 4100
 6240
 3787
  480
  165
 7233
 1493
 6363
 8783
 7968
 2052
 8576
  115
 4803
 5704
 4546
 8532
 9043
 8113
 7802
 7550
 3827
 3055
 2470
 8615
 8115
 7212
 9148
 2482
 3158
 5477
 9250
 8614
 3251
 6521
 2894
 2619
 3281
 8880
 5138
 8367
 5749
 2684
 4912
 5407
 5394
 8815
 5288
 7581
 8245
 2398
 6471
  790
  485
 8282
 7654
 6690
 7101
 7420
 1852
 1974
 4190
 6990
 9748
 9779
 3786
 4596
 4696
 4050
 3865
 6894
 7261
 2687
 5258
 3672
 9920
 4296
 4778
 6432
 5406
   55
 5090
 5362
 2143
 9089
 8906
 8385
 9829
 6744
 5623
 8711
 2688
 5339
  465
 4683
 9545
 7728
 7940
 2845
 9752
 3028
 7555
 2777
 7311
 3981
  872
 9401
  700
 8610
 4702
 9166
 7697
 8312
 8974
 4974
 2350
 5135
 8923
  231
 7571
 6765
 8374
  979
 9832
 4071
 2846
 6425
 3466
 8297
 8648
 3935
 2504
  597
  777
 3174
 4768
 4283
 3807
 5503
 9934
 3136
 7948
 2178
 1998
 4479
 8354
 9661
  936
 9302
 8922
 4928
 9108
 7256
 8810
 3498
  534
 5923
  887
 4416
 2843
 3756
 4312
 7859
 9813
  309
 7297
 7294
 9223
 1681
 5345
  129
  587
  418
 9355
  890
 7620
 6030
 7030
  473
  847
  523
 2234
 4765
 2676
 6202
 6019
 8557
 6913
 2420
 9893
 9988
 1818
 7884
 4902
 8656
 2525
  213
 3932
 5523
 4539
 7807
 6144
   90
 6962
 6147
 5308
 1572
 6295
 5543
  919
 5767
 2335
 8322
 7885
 3800
  809
 4336
 3976
 4979
 1688
 5413
 7631
 5517
 5417
 4469
  274
 4931
 1193
 6950
 4917
 9804
 4049
 6783
  509
 8283
  746
 1140
 7669
 5849
  750
 7856
 5118
 3924
 1247
 1788
 6310
 5428
 9111
 9408
 4056
 3721
 4526
 3731
 6595
 4107
 5942
 4795
 6542
   84
 8216
 3057
 9925
 6154
 4434
 1309
 3833
  648
 5466
 4033
 1239
 4196
 8116
 8839
 9256
 5220
 4350
 9859
 4321
   19
 4263
 2793
 1134
 8885
 3488
 8706
 6483
 4360
 7558
 1542
 9129
 4441
 9162
 8042
 9865
  969
 6926
 3875
 8292
 1574
 1772
 2190
 8263
 6067
 3240
 5336
 6032
 5920
  998
 4165
 5996
 9175
 4351
 4890
 3015
  815
 1613
 6996
  873
 7919
 1364
  709
 7842
 1537
 4185
  474
 9171
 7079
 8125
 7847
  642
 2352
 8311
 4872
 9679
 7689
 3914
 4173
 9853
 5306
 7845
 6815
 5156
 7133
 5915
 3661
 8999
 5986
 1471
 5130
 3156
 9912
 3741
 3256
 8149
 5128
  301
 7918
 6342
 2811
 9886
  540
 2546
 7855
 1713
 8898
 2033
 7779
  724
 7454
 9314
 7464
 4079
 1115
  469
 1173
 4167
 5549
 2048
 9417
 3980
 5555
 8814
 2929
  678
 8808
 2380
 8076
 1263
  374
 4708
 6443
 5011
 6201
 1889
 5370
 5121
 5509
 4927
 4492
 6888
 9892
  300
 9001
  573
 8809
   88
 2394
 5050
 2838
 8362
 2770
 3596
 7324
 8951
 5381
 9395
 7292
  913
 1990
 2510
 4268
 8754
 9820
 4507
 9693
 7580
 4337
 2995
 3778
 4099
 6710
 4490
 2150
 6486
 5700
 9464
 7826
 3508
 9884
 1191
 4892
 3423
 6390
 5835
 4598
  757
 6008
 7521
 8137
 9703
 7236
 9791
 1232
 9701
 4134
 7357
 1600
 9335
 5470
 3185
 7244
 4649
 9793
  255
 3602
 9848
 7349
 2438
 2158
 8618
 6500
  446
 1454
 1809
 2067
 5224
   80
 1026
 8203
 1959
  860
 4666
 3688
 6065
  211
 5295
 4615
 5082
 7656
 8373
 1726
 5884
 9430
  264
 9085
 5914
 5181
 2259
 3770
 9927
 4574
 1114
 3856
 1903
 6525
 3638
 8918
 9012
 4711
 7617
 9991
 7402
 2691
  656
 6459
 3316
 1656
 8457
 1801
  735
 3948
 2868
 7931
 1923
 3897
 8363
 6692
 7876
 9743
 6797
  935
 4088
 9945
 2726
 3808
 6157
 9024
 2090
 2635
 2135
 8194
 2222
  822
 9513
 5314
 5721
  504
 7650
 9157
 6229
 2142
  687
 9714
  423
 3616
 1995
 6918
 2694
 7461
 2902
 5272
 2991
 4106
 2122
 4676
 4401
 8280
 3900
 8184
  693
 6365
 8007
 5658
 4865
 2657
 4223
  640
 9339
 1571
 3435
 6908
 2068
 7219
 5746
 9030
 4824
 7201
 7065
 4999
 8692
 7145
 8215
 3757
 4780
  928
 2785
 1183
 6857
 2490
 2180
 4212
 2819
 6174
 7443
 7178
 4799
 1141
 7330
 8594
 5676
 9580
 4500
 5273
 7505
  878
 4236
 9081
 5359
 6711
 6866
 8673
 2595
 1158
 2882
 2270
 2646
 6650
 5107
 3918
 9142
 1163
  783
 9626
 3325
 6961
 5678
   14
 4281
 8481
 2072
  675
 6773
 2382
 1896
 5175
 7926
 5373
 2583
  444
 1098
 5109
  183
  904
 8330
 5343
 3591
 4411
 8279
 3390
 6028
 9624
 9034
 3309
 1773
 9122
 8685
 7062
 5266
 9692
 4520
 6403
  622
  384
 4791
 5824
 1363
 9393
 8253
 7823
 5855
 5289
 4369
 3266
 2806
 5331
 4463
 7717
 2300
 2003
 6386
 5610
 5939
 8858
 3899
 2284
 5041
 4807
 5845
 6069
 5627
 8397
 6782
 9586
 9512
 5905
 2729
 4293
  352
 5024
 7615
 8550
 4889
  405
 5133
 7790
 7280
 3343
 6953
 9664
 8467
 4175
 5286
  126
 6870
 4659
 9086
 1495
 4895
 8782
  726
 2316
 6344
 8153
 9850
 4668
 9936
 8188
 3353
 5571
 1186
 2678
 5322
 2441
 7218
 9856
 7569
 8959
 7095
 8287
 6794
 8881
 7875
 4284
 8018
 8630
 5825
 4222
  266
 6296
 8605
 1590
  528
 4983
 6306
 1754
 4260
 1921
  172
 8674
 8189
 1909
 3972
 4308
 8695
 6245
 7362
   56
 1010
 1973
 6804
   72
  166
 2346
  531
 9076
 8083
  705
 4961
 4389
 7442
 4599
 5534
 3599
 4739
 9808
 5433
 8739
 9352
 8428
  106
 7638
 3268
 9016
 2471
 4725
  134
 6439
 8789
 9899
 5773
 4365
 7474
 7733
 7806
 1317
 5071
 7364
 5035
 8572
 5872
 5279
 8386
 1350
 2267
 6573
 4841
 1356
 3186
 7627
 8469
 7545
 7536
 8120
 5977
 1024
 2621
 1423
 9173
  871
 8408
  966
 2377
 8472
 7171
 3061
 6558
 4881
 6094
 4029
 7046
 4982
 8012
 4209
 6824
 1623
 3396
 9227
 2314
 7116
 8176
 1339
 4737
 7602
 7837
 8597
 3082
 2624
 8225
 9448
 4052
 9534
 1885
 5140
 2602
 4192
 4770
 3381
 9777
  282
 5586
 3008
 5333
   27
 7105
 7465
 2040
 6325
 2241
 7975
 1825
 7365
 3760
 7618
 5603
 4421
 1282
  191
 8058
 3391
 8394
 3950
 9653
 1081
 8342
 8207
 7360
 3791
 5956
 3450
 7942
 9300
 9489
 3177
 4788
 8701
 6184
 4154
 5826
 8351
 4288
 8117
 9363
 4743
 3293
 8425
 8956
 3445
 7592
 1226
 8242
 5752
 9360
 7025
  397
 9546
  371
 7138
 5661
 1077
 9525
 3182
 4476
 2672
 3409
 1749
 3676
 7400
 6480
 1916
 3848
 4894
  387
 9819
 5259
 1096
 8972
 6093
 9541
 3649
 4081
 6450
 7798
  338
 2341
 8934
 8431
 6465
 7274
 7473
 7945
 7378
 3257
 5197
 3693
 7967
 9011
 3117
 2218
 9379
 4619
 4320
 2319
 9196
 3336
 6755
 4844
 1166
 8440
  863
 2803
 5355
  425
 5531
 9585
  389
 5578
 8896
 6472
  825
 6303
 3249
 9650
   64
 2412
 8813
 3509
 9131
 4828
 5460
 9288
 7248
 4109
 9700
 1475
 5375
 9232
  408
 1303
 9995
 2077
 3682
 6770
 8540
 5671
 9538
 3608
 3733
 6080
 5382
  632
 7934
 9397
  438
 6273
 4634
 8937
 6791
 7291
 9230
 3659
 3213
 5852
 4829
 9184
   43
 7808
 5814
 1844
 2782
 4064
 4055
 2732
 2214
 4501
 2628
 9452
 6588
 5618
 8997
 5440
 2528
 5383
 4030
 8781
 1122
 8186
  549
 9167
 6463
 8841
 4181
 1948
 6334
 4151
 9958
 2430
 9994
 9213
  160
 7801
 5715
  639
 1693
 1005
  239
 2119
 4750
   71
 8592
 2753
 1789
 2745
 2486
 4328
 2714
 3656
 9298
 1651
  340
 6099
 8084
 5177
 8930
 9191
 5992
 7986
 5222
 9404
 5606
 4792
 4319
 2381
 7078
 1260
 7895
 2605
 3615
 2763
 8119
 6587
  707
 1384
 4070
 9306
 7589
 1478
  169
 3911
 9929
 8620
 4239
 1961
 4900
 3598
 7354
 4519
 7833
 1447
 5864
 4322
 3475
 4626
 1892
 3157
 7757
 5347
 2965
  627
 9254
 1534
 6282
 7160
 6837
 8747
 2421
 4952
 6149
 3768
   15
 4306
 9176
 4384
 4067
  467
 9252
 7396
  280
 9579
 6618
 9015
 8273
 4993
 9840
 3152
 2716
 7334
 8369
 6708
  801
 5340
 9442
 3134
 2223
 9474
 8617
 8462
 2393
 6538
 6629
 5243
 9724
 3635
 2271
 8294
 1044
 1602
 7258
 3344
 5706
 6187
 8855
 2008
 8419
 8608
   59
 5211
 7185
 9807
 2577
 7831
 1524
  440
 5145
 4452
 5867
 5424
 7339
 6400
  100
   70
 8493
 7099
 3077
 7059
 8112
 3193
 2514
 1375
 1699
 2603
 7176
 2830
 6564
 8533
 1023
 1202
 2414
 4836
 3956
 8104
 9443
 5125
 9138
 1028
  150
 1400
 8407
 9472
 5516
 7193
 9366
 6383
 1614
 8903
   74
 7632
 1724
 6427
 5019
 4834
 9592
 4561
 8178
 8075
 5467
 9510
 4639
 2417
 6597
 5390
 8948
 3953
 7206
 3296
 9780
 1047
 6914
 3643
 1701
 6064
 5727
 9210
  760
  388
 1962
 4941
 8346
 5937
 5718
 9948
 9145
 6648
 3841
 6007
 6546
 8604
 3470
 2015
 9475
 8973
 6109
 6527
 2733
 2480
 5232
 1408
 6387
 4859
 1123
 3604
 7597
 8387
 2899
 5485
 8715
 6394
 3754
 7920
 1781
 4435
  787
 2019
 8879
 5315
 9999
 7723
 4446
 8866
 8492
 1862
  853
 1993
 4592
 6130
 1125
 1246
 2452
 7745
  728
 6876
 7128
 7898
 7254
 3042
 8637
 5139
 5775
 6323
 7635
 1830
 3228
 8726
    1
 5885
 3709
  718
 5634
 2073
   31
 2980
 4863
  664
  394
 4771
 5647
 5270
 6566
 5225
 2053
 4908
 5300
 9483
 9037
 9794
 3692
 3006
 6535
 4318
 1059
  602
 8775
 7163
 4043
 3627
  591
 6321
 5648
 3414
 2321
 6878
 4969
 4548
 6925
 7583
 9527
 5324
 9588
 9699
 9343
 1826
 9982
 7902
 8721
 3647
 8169
 5341
 3988
 7411
 3933
 6879
  516
 5356
 1127
 9050
 4498
 2189
 3022
  158
 9040
 7368
 1646
 4342
 2909
 6586
 5475
 9316
 2304
  868
 8251
 1686
 9403
 2012
 9867
 5311
 9432
 4324
 5907
 7343
 4568
 3885
 6358
 5188
  661
 8875
 6219
 9555
 2907
 6020
 2762
 6494
 5002
 9758
 5925
 4576
 6622
 3050
 7162
 1821
 7239
 1412
 2249
 1301
 3773
 7874
 6316
 5066
 6220
 5003
 9237
 4096
 2264
 8670
 2369
  837
 1162
 9799
 3526
 6716
 2768
 2296
 2324
 4480
  177
 7880
 9197
 4335
 2018
 1732
 4588
 9211
 3562
 7424
 8269
 1587
  257
  937
 9736
 9473
 2642
 1422
 9992
 4564
 2805
 5617
 6150
 9524
 5462
 5163
 9160
 2534
 9719
 8243
 9790
 8323
 3997
 3781
 9878
 5189
 3750
 6557
 8640
 7642
 5378
 3708
 8976
 4628
 9358
 7561
 9421
 9640
 1838
 9137
 4632
 7781
 6929
 6735
 4349
 1935
 8926
 5038
 4547
 9926
 7520
  789
  119
 1861
 6352
 4191
 4072
 8871
 4194
 1875
 6825
 6946
 9548
 3839
 1435
  268
 4059
 6502
 9394
 8473
 8988
 2727
 5841
 8818
  542
 1622
 5590
 5241
 4069
 9004
 1154
 6661
 1227
 3783
 7588
 2738
 1494
 1042
  142
 3181
  316
 6266
  544
  954
 7268
 2125
 6978
 5799
 2016
   78
  224
 9606
 5708
 7610
 9492
 9105
  641
 8300
 8559
 4636
 2127
 7914
 6806
 3493
 8213
 3809
 4439
 1296
 9607
 8406
 6670
 7366
 1102
 5880
 1877
 3824
 6457
 1853
 8555
 7132
 9944
  796
 9760
 5568
 1791
 8853
 7124
 5858
 9814
 4607
 1740
 4095
 3521
 1981
 8325
 5037
 1150
 8569
 8483
 6702
 8665
 1451
  363
 7957
 5963
 9696
 4491
 7459
 4600
 5078
 6088
  364
 1692
 1560
 2772
 1366
 4882
 9503
 5689
 8403
 2853
 9434
 9399
 2588
 4856
 2816
 3255
 4990
 9425
 7356
 6873
 9450
 3691
 1735
 1864
 3858
 6274
 3140
 5408
 3164
 2594
  743
 1540
 9841
 1979
 6050
 9032
 8432
 4641
 9181
 7970
  311
  992
 8915
 8239
  122
 2338
 5818
 3462
 6139
 4887
 5075
 5681
 1639
 8873
 9774
 1837
 9104
 4487
 5979
 9342
  299
 9411
 3282
 8384
 6617
 6992
 9409
  981
 6516
 5219
 5077
 4580
 4527
 5790
  431
 1233
 4315
 3114
 7760
 9568
 9268
 3621
 9776
 4179
 7603
 6029
 5932
  666
 5303
 8392
 1987
 3234
 8526
 1079
 4660
 5472
 2913
 1073
 9947
 7708
 6598
 8883
 6954
  420
 4058
 2349
 5637
 2429
 4140
 4357
 9026
 8929
   81
 4514
 5673
 8465
 8474
 4513
 1104
 4817
  605
  918
 9375
 3418
 4261
 3095
 1351
 8159
 9871
 8382
 7703
 9577
 3275
 7195
 9704
 1654
 8735
 4589
 9207
 3098
 7566
  327
 6654
 7127
  643
 1712
 7553
 5017
 3007
 7328
 7015
 3626
 7663
 1008
  730
 6042
 6377
 2309
 6347
  243
 7427
  948
 6687
 1485
 3463
 6917
  318
 4402
 8967
 4648
  692
 2456
  758
 4215
 4958
 4617
 3782
  609
 5226
 5856
 4496
 5354
 4273
  793
 3304
 8319
 2545
 7979
 3392
 5025
 3660
 9341
 2032
 8255
 3724
 3729
  407
 7393
 9090
 7089
 7841
 5115
 7873
 6485
  944
 6263
 1135
 5750
 4016
 8627
  424
 7624
 4719
 1063
 8693
 4057
 2755
 4688
 1808
 5602
  652
 5190
 5958
 3179
 6207
 8921
 3154
 6893
 4678
 1648
 9796
 9909
 4454
 1262
 4906
 2885
 3197
 2416
 7225
 7131
 8832
 5789
 9267
 6332
 4563
 3955
 3637
 3495
 9914
 3059
 6677
 9459
 9027
 4864
 9391
 5950
 7220
 5349
 2181
 2042
 7198
 1415
 7630
 6075
 9666
 2384
 1012
 5087
 9058
 8964
 4412
 6846
 5898
 4516
 2000
 1554
 2797
 9662
 6627
 8660
 4655
 1854
 4821
 7803
 2022
 4228
 3481
 8587
  403
  585
 7872
 9558
 7813
 8123
 9356
  723
 4932
 1933
 4800
 5621
 3291
 3356
 6812
 1221
 8523
 3168
 6018
 3261
 2184
 5828
 1580
  840
 4721
  505
 6100
 7596
 4393
 6102
 1635
 4392
 7271
 7922
 3252
 1136
 5103
 9973
 3322
 7927
 1219
 1947
 1637
 1090
 5015
 3785
 6192
 1486
 3401
 1220
 2611
 1674
   53
 2661
 1437
 5067
 9231
 6524
 1057
 7628
 7164
 8250
 7759
 5653
 3645
 2616
  598
 1978
 5447
 4026
 5328
 5496
 8799
 6634
 4145
 5995
 4883
  577
  618
 5877
 2034
   97
 9202
 1501
 2088
 8142
 5307
 2864
 1857
  133
 5208
 1960
 8449
 2993
 7298
 9955
 6396
  911
  319
 9242
 4833
 4579
 2630
 3880
 6882
 4845
 3586
 9631
 7977
 2964
 6609
 7383
 7123
 4976
 6673
 2192
 7820
 5713
 6415
 4861
 4409
 9402
 5972
  927
 8289
 5461
 7235
 8953
 3173
 3047
 2029
 1258
 2670
 4785
 4366
 4290
 9923
 3454
 2399
 8401
 3544
 5805
  145
  588
 7879
 6452
 1943
 1346
 3214
 5123
 6087
 2049
 1249
 9478
 6715
 7102
 2704
 9357
 4985
 7053
 2572
 1919
 8177
 5557
 4186
 8198
 9770
 7374
 9506
 8691
 6137
 2128
 6660
 3342
 1503
  470
 6703
 6270
 6528
 7255
 8301
 2576
  411
  988
 5552
 7575
 8127
 2345
 1372
  951
  188
 4264
 3201
 7709
 3161
 3239
 9482
 5479
 2422
 5694
 9199
 1371
  748
 8599
 1904
  412
 1000
 7542
 3231
 7009
 6382
  610
 3337
  368
 8876
 5391
 1436
 9627
 8164
 7510
 5352
 8936
 8831
  439
 6413
 9687
  879
  360
 6675
 2395
 5940
 6826
   93
 6212
 4363
 6700
 3003
 3286
 7287
   34
 2168
 4208
 6451
 2056
 4047
 9234
 8667
 5366
  603
 8624
 7097
 4429
 9745
  798
 1522
  791
 7423
 2148
 2698
 1030
  634
 4159
 7398
 4973
 9468
 6932
 8991
  738
 8375
 4177
 5166
 5399
 6757
 3847
 2673
 8812
 7502
 5348
 2061
 8365
 6723
 8700
 2498
 6863
 7319
 7591
 6642
 7115
 7972
 6749
  416
 8807
 2682
 8236
 6259
 5830
 9000
 1211
 3171
 4623
   65
 2507
 6695
 3145
 5202
 6964
 9382
 3589
  775
 2696
 3447
 5122
 5869
 1325
 2237
 3814
 7433
 4578
 8290
 3628
 5284
   18
 1856
 6796
 3755
 9521
 6086
 5185
 6392
 3540
 6682
 1075
  711
 2556
 1653
 1001
 6781
 8230
  413
 9318
 9368
 3964
 8453
  797
 6982
  596
   54
 8459
 6175
 6664
 6476
 9560
 5457
 9208
 4572
 1779
 9857
 9855
 3863
   41
 4901
 3749
 5705
 2916
  914
  421
 1383
 2531
 8659
 7341
  492
 7036
  551
 4980
  802
 5018
 8335
 2908
 1513
 6287
 2774
 5369
 4231
 3836
 3072
 8718
 5964
 8143
 4575
 8524
 9771
 1440
 9977
 3192
 4940
 9911
 1744
 9056
 7725
 5201
 3576
 5662
  496
  755
 8396
 9788
 5540
 2857
 2446
 6777
  977
 6049
 3630
 8741
 7498
 4168
 3162
 4378
 7721
 4679
 4977
  996
 1389
 8801
 6085
 4815
 1971
 4918
 6668
 7347
 2520
 3969
 3767
 4462
  125
 1767
 5136
 7844
 3828
 6223
 6919
 5865
 9141
  893
 9931
 8514
 3169
 9063
 5751
 9185
 9365
 6009
 3460
 7816
 8096
 1347
 8266
 4986
 8995
    4
 3563
 7509
 8079
 5846
 6083
 1489
 5754
 1155
 8435
 1481
 1787
 5183
 8642
 6348
 1020
 4278
 8353
 2201
 9178
 1863
 3524
 4569
 7552
 3033
  377
 5487
 6429
 5816
 7764
 9431
 7674
 2665
 4930
 9839
  984
 9112
 7500
 6077
 2238
 1762
 5248
 2114
 8654
 8889
 4258
 8077
 7278
 2608
 8737
 5860
 3363
 1518
  391
 6795
 9969
 8302
 2715
 7941
 4121
 4458
 1209
 8332
 1002
 6906
 8006
 6843
 3822
 9751
 1365
 6820
 5376
  157
 7401
 1815
   92
 8078
 7385
  269
  865
 6551
 9371
 3441
 8038
  484
 3318
 2591
 6743
 5144
 2706
 9591
 5000
 1261
 3720
 1689
 1668
 3367
 2193
 4085
 1142
 2590
 7007
 3354
 9505
 2312
 9014
 6124
 9374
 4027
 5632
 1171
 1117
  896
 7152
 5060
 6764
 4162
 4184
  127
 1328
 8682
 6762
 3427
 5330
 6059
 5278
 5567
 7242
 2523
 2131
 9888
 7336
 6510
 7048
 9838
 8214
 6110
 5392
 2573
 4105
 3091
  435
 8795
 6305
 1640
 9921
 1362
 6763
 3780
 2796
 3052
 8035
 2541
 4585
 8303
 5257
 9454
 5900
 9362
 2051
 7754
 9984
 5405
 1041
 9118
 2861
 2956
 1207
 9325
 3606
 1697
  304
 3112
 2741
 6859
 3946
 5116
 6300
 6121
 7929
 2011
 9584
 5600
 9594
 7408
 2287
 6531
 5859
 2836
 4022
  457
 5059
 5236
 6024
 6275
 4139
 6438
 1188
 2311
 3345
 3044
 8499
 3958
 3603
 4101
 8909
 9204
  957
 8864
 7426
  917
 9951
 1612
 5768
 1038
  667
 1562
  821
 9740
 1390
 3683
 3993
 1743
 4957
 7226
 1908
 9460
 4240
  795
 4959
 2813
  841
 1326
 1243
  297
 6005
 9989
 2492
 1820
 5016
 6883
 3978
 6183
 9152
   33
 6288
 8543
 6243
  886
 3360
 9331
 4567
 9879
 2722
 2896
 2494
  870
  503
 4756
 8114
 4783
 7524
 3931
 1360
 6614
 3221
 2329
 5309
 7492
 8713
  436
 8790
 3389
 4371
 5944
 1308
 1093
 6818
 4256
 8222
 6758
 6623
 2344
 4354
 7540
 4971
 7657
  433
 2406
 6107
 2960
 6345
 7892
 1796
 1270
  136
 5987
 6291
 5280
 8746
 2392
 6467
 7578
 2658
 7718
 9098
 9582
  567
 8139
 6148
 7375
 8173
 2063
 5056
  426
 6578
 6657
 7445
 3636
 8893
 6611
 5504
  581
 1245
 2629
  773
 9377
  895
 6845
  248
 5384
 2589
 2108
 7731
 7250
 3253
 1625
 8595
 5377
 2261
  658
 9783
 3429
 4839
 2689
 8966
 6424
 7135
 6995
 9226
 5630
 7852
  185
 1497
 2799
 6829
 2671
 1468
 6852
 4176
 9612
 2010
 1385
 8760
 8761
 6768
 7008
 8277
 3889
 5089
 7044
 2967
 8891
 4211
 4811
 2340
  715
 4113
 1652
 1477
 7199
 8344
 3648
 2375
 1488
 4510
 3024
 2972
 8961
 2713
 4810
 4074
 4090
 9787
 1019
 9381
 1865
 6966
 6741
 9749
 3271
 7209
  731
 3934
 5741
 9107
 7134
 3673
 7155
 6218
 5809
 3046
 4740
 3559
 6384
 2683
 7933
 6641
 9682
 6180
 7028
  207
 5062
 1736
 6625
 2217
 7665
 8380
 7761
 8254
 3895
 4368
 4419
 1851
 8036
 8668
 9801
 8552
  604
 9308
 9276
 7137
  961
 1764
 2330
 8686
 2332
 9917
 8729
 7827
 1223
 8174
 1238
 3210
 1609
 3399
 5073
 6062
 8634
 3539
 3439
 4627
 3025
 1185
 2890
 8816
 5815
 9526
 4097
 6420
 4339
 8769
 8460
 7562
 3681
  943
 7224
 3644
 1491
 1379
 5318
 4326
 8759
 5040
 4915
 3543
 4553
 3664
 3834
 3307
 9287
 4530
 8753
 8658
 8547
 6290
 9317
 9084
 1859
 6877
 2557
 3287
 8623
  533
 9193
 3135
 4847
 4689
 8278
 9463
 3569
 6559
 3279
 6444
 8389
 6958
 7771
 6491
  366
 4710
 9346
 2491
  857
 8095
 8165
 3030
 1733
  536
 4897
 6226
  683
 1869
 6577
 5379
 5084
 2294
  335
 6636
 7189
 3103
  159
 6904
 7639
 9821
 7312
 7786
 3121
 3717
 5176
 7431
 1414
 1582
  156
 1237
 6910
 9161
 2091
 3184
 8390
 8683
 6736
 9009
 6269
 9273
 5165
 2555
 9694
 7069
 6572
 2140
 2647
 1182
 9289
 1149
 4295
 6371
 2005
 9480
 5943
 3702
 9837
 2298
 8031
 8681
 7495
 6146
 3288
 3005
 8000
 5361
  261
 2279
 8484
 6267
 9073
 7691
  952
 8429
 1060
 9498
 1528
 4701
 6976
 8939
 7815
 1555
 3632
 8368
  219
 8430
 1519
  399
 3020
 1611
 1756
 1719
 2161
 6847
 3079
 1657
 9446
 4294
  545
 4731
 5731
 6234
 4249
 7549
 7463
 1111
 1999
 6721
 8262
 3459
 1401
 2945
 5695
  900
 7702
  489
 4003
 9870
 3502
 2760
 7021
 6208
 4379
 3776
 3667
 4485
 5669
 8234
  434
 4624
 2848
 8094
 6214
 9769
 3465
 4201
 7743
 7118
 2700
 7037
 2466
 9369
 2702
 9928
 1751
 6593
 5179
  121
 7973
 6724
 3982
 5146
 1397
  162
 8456
 1169
 6801
 6101
 8039
 6952
 1409
 6039
 8837
 4390
 1675
 5301
 5962
 7832
 6297
  699
 8357
 9093
 8924
 9835
 1464
 6422
 6484
  831
 2518
 7249
  123
 1950
   24
 7862
 3947
 8558
 7290
 6405
 3996
 6255
 7824
 9622
 6541
 4006
 5982
 1515
 8495
 3753
 3711
 3820
 3373
 2959
 9038
 9933
 8010
 3305
  811
 8232
 5291
 7075
 1891
 6279
 9320
  233
 6487
 7223
 7568
 4645
 8131
 9415
 8794
  740
 4117
 3585
 2278
 3775
 8034
 5492
 7711
 9554
 1927
 1601
 6523
 4459
 7534
 9028
 6197
 8551
  607
 6568
 9825
 5473
 2978
 1715
 9717
 4734
 2910
 4394
 1056
 5374
 2476
 6901
 1700
  205
 1687
 2952
  682
 2210
 9462
 9949
 3040
 3611
 5724
 7001
 6055
 6898
 8180
 6659
 3929
 6886
 2378
 9244
  905
 8958
  744
 2917
 1805
 6972
 4989
 8383
 2402
  235
 7091
 1573
 4060
 6900
 6237
 6771
 9494
  471
 6165
 1467
 6850
   25
 7704
 4620
 9295
 3748
 7998
 5651
 2734
 8088
 6292
 9874
 8902
 9761
  874
 7432
 4075
 9130
 6406
 8628
 8195
 2017
 2554
 1918
 6767
 5229
 6951
 6095
 4103
 8023
 5416
  155
 9062
 2613
 4303
 4042
 6261
 5912
 3522
 6431
 9540
 2503
 7388
 3292
  901
 6061
 5581
 2984
 1807
 9680
 8826
 9400
 1695
 4018
 2389
 8030
 6800
 8508
 3613
 5068
 3687
 2815
 9590
 4842
 3191
  834
 3926
 4395
 9045
 9330
 3854
 7147
 4241
 1842
 6507
 7645
 2094
 3887
 2651
 8680
 3815
 7735
 4992
 8564
 7479
 8849
 7793
 4704
 3554
 8087
 1829
 3619
 9741
 3324
 9243
  829
 1709
 7141
 3819
 7205
 2363
    9
 2458
 2418
  116
 1476
 7747
 5213
 3525
 6002
  206
 4367
 9942
 7265
 3537
 6461
 3486
 4291
 3941
 3209
 4924
 1124
 7812
 4794
 3385
  807
 1734
 7699
 8969
 7988
 5081
 7587
 4438
 8157
 1361
 1880
 9361
 3376
 2167
 5573
 9265
 7554
 7517
 8258
 5863
 1800
 8491
 5102
 8420
 6359
 4758
 1345
 7307
 6754
 5004
 4380
 5980
 9103
  398
 4073
 5091
 1664
 5665
 8004
 7619
 3545
 4531
  803
 6441
 6842
 1531
 4375
 2914
  716
  273
 5601
 6179
 2824
 1145
 3968
 8895
 6011
  745
 6548
 2253
 1934
 6034
 1234
 2878
 2373
 8844
 7032
 9041
 8927
 2362
  908
 7469
 1201
 6337
 4427
 7750
 5034
 4506
 5921
 4781
  804
 8271
 7671
 3689
 4193
 3067
 3734
 2057
 6827
 8712
 2569
 4972
 6106
 2139
 9222
  663
 9229
  975
 2837
 3640
  655
 9219
  339
 5819
 9619
 8259
 5732
 2992
 3945
 2432
 5043
 7403
 6860
 2427
 3444
 8751
 9852
 7460
 7585
 8441
 2781
 7944
 6947
 6505
 2941
 3133
 4670
 5155
 2587
 8677
 7158
 2379
 2559
 7953
 8248
 5320
 2817
 4505
 6907
 5716
 9102
 4146
 2390
 3714
 7516
 5663
 8134
 5967
 7644
 2508
 7094
 6698
 2660
 7994
 6221
  964
 3227
 5093
 5422
 5592
 7130
 4524
 8878
  495
 9449
 5009
 6081
 9412
  749
 7207
 5797
 5389
 2599
 8941
 8577
 2971
  839
 7789
 3974
 6875
 6280
 8730
 5782
 5758
  455
 3905
 6375
 5227
 4876
 7188
 6589
 6350
 2153
 3212
 4661
 8504
 8052
 4718
 7230
  429
 7821
 6872
 8507
  163
 9802
  108
 2529
 6553
 3155
 9389
 8063
 8247
 6185
 4581
 9257
 8568
 3326
 2134
 3334
 6936
 6717
 6514
 4391
 5609
 6404
 2986
 9953
 6281
 1281
  112
  346
 1039
 5269
 9900
  942
 2461
 2174
  974
 5802
 9764
 8041
 7080
 5562
 7714
 9691
 8224
  288
 2455
 6010
 6662
 3551
 6264
  769
 4352
 5317
 8944
 8774
 5221
 6776
  965
 2215
 8593
 1638
  631
 1872
 3284
 1341
 8154
 3362
 4453
 6856
 1757
 7529
 2701
 1304
 8644
 2307
 4831
 5820
 2829
 3557
 9451
 4698
 8738
 4825
 9915
 9283
  490
 5788
 2089
 7546
 6412
 1203
 1881
 2074
 3665
 1759
  128
 1558
 2136
 2037
 8772
 4221
 9550
 3965
 3572
 1545
 1567
 2973
 9747
 4849
  586
 5813
 7337
 4012
 4823
 4760
 3804
 7221
 1926
 2097
 3223
 9422
 3818
 2571
  314
 1939
 1438
 4414
 5712
 6329
 9179
 1330
 9529
 3594
 6518
 3379
 1480
  194
 3188
  379
 1991
 3698
 7277
 9436
 5420
 1307
 8679
 6644
 8942
 8613
 5170
 9140
 3696
 3394
 4846
 5010
 4214
 7413
 9126
 1717
 3977
 4947
 7060
 1271
 8910
 6738
 8629
 6526
  906
 1228
 7528
 4285
 2757
  113
 1976
 2212
 6968
 9304
 4886
 6885
 8249
 2958
 8298
 5070
  563
 3166
 8838
 6181
 3398
 9713
 4633
 1523
 9353
 7397
 8733
 9762
 2263
 3290
 4041
 5275
 4697
 6817
 6537
 7705
 8141
 7437
 5335
 2937
  218
 4851
 5008
 6012
 9866
 7538
 7257
 9423
 3868
 3270
 9201
 9644
 6760
 9247
 2404
10000
 5117
  278
  475
 6784
 2155
 5437
 9345
  613
 7005
 5500
 1461
 5351
 3406
 7051
 1834
  247
 8554
 7382
 7074
 2248
 1890
 8545
 9416
 1727
 5154
 1419
 8475
 2948
 2962
 6046
 6138
 1329
   37
 4555
 8327
 1917
 2626
  209
 5832
  976
 5168
 6260
  373
 5548
 3663
 2120
 8639
 8256
  393
 3567
 5001
 4994
  114
 4217
 9609
 6132
 9351
 1813
 2320
 3587
 3912
 7912
 5781
 8823
 9235
 7125
 1913
 4449
   67
 5096
 6372
 6294
 4898
 9418
 8398
 6799
 9675
 7939
 8632
 5553
 9725
 7997
 7971
 9326
 1912
 1708
 5260
 3298
 6704
 5650
 6965
 6672
 9174
 4706
 8226
 3037
 1774
 6246
  385
 4535
 3623
 7609
  277
 2076
 1252
 4775
 1835
 7787
 9051
 4370
 5823
  826
 3712
 8518
 6576
 9441
  487
 2100
 3671
 1235
 7601
 2648
 4871
 8662
 7543
 5563
 9370
 3031
 7648
 2873
 5401
 2409
 6211
 7439
 8803
 9065
 2818
 5254
 3882
 6630
 4543
 9836
 1017
 9309
 4450
 4248
 8641
  849
 7217
 4084
  967
 5698
 5934
 7990
 8975
 1714
 4132
 5952
 2410
 3424
 1399
 7811
 4299
 3122
 6119
 8166
 5765
 7361
 6104
 3738
 3404
 2863
 9598
 2435
 9433
  654
 5783
 5619
  458
  449
 7964
 4657
 1804
 2035
 1650
 4471
 3110
 7734
 6594
 8863
 8299
 4397
 4723
 7890
 4408
 5686
 3967
  317
 6076
 5106
 6960
 8957
 7878
 4583
 2245
 2273
 5518
 9636
 8505
 8110
 5184
 5776
 4250
 5164
 2812
 5141
 3991
 3264
 4606
 6448
 7969
 2580
 9806
 4854
 3617
 2145
 3817
 9756
 9678
 4867
 8811
 5403
 4346
 4489
 1953
 8366
 1095
 7746
 6693
 3395
  794
 6205
 9484
 2257
 7684
 4790
 7345
 8121
 2903
 3355
 2990
 1130
  858
 7683
  151
 6311
 3992
 7655
 2742
 6854
 8003
 2739
 9094
 7018
 3051
  476
 5717
 1812
 6934
 3979
 2827
 9645
 9754
 6393
 7633
 6210
 2173
 7720
 8780
 5431
 3639
 3560
 9183
  350
 6810
 1828
 3942
 3474
 7389
 9296
 5933
 6547
 2690
 6637
 3723
 7151
  170
 6667
 8399
 9905
  132
 1416
  570
 6247
 5124
 7068
 6599
 1954
 1866
 1584
 8218
 6923
 6058
 1386
 7778
 4764
 4227
 9822
 3348
 9997
 8857
 6591
 1910
 6113
 4605
 9220
  568
  608
  173
 8151
  546
 1429
 6520
 7313
  491
 8806
 6596
  447
 5198
 3369
 7481
 1848
 2860
 1579
 5561
 8763
 3456
 3289
 4749
 6774
 1596
 3763
 5766
 8372
  805
 9673
 4837
 9834
  776
 5612
 1761
 9670
 9798
 7523
 6602
 6037
 7306
 2336
 8727
 2315
 6540
 7490
 3311
 1147
 8415
 2526
 7320
 2976
 4789
 3719
 7891
 8045
 7327
  763
 9285
 6466
 6189
 4885
   23
 8091
 1367
 3093
 7414
 1406
 9642
 2544
 3361
 8124
 9444
   48
 8011
 3295
 6111
 2020
 7567
 9767
 1901
  562
  855
 7928
 7910
 6792
 7595
  428
 3888
 8856
 6193
 1313
 9414
 4741
 2374
 6766
 7908
 9359
 3384
 2513
 7372
 5582
 7367
 5740
 6512
 5714
 5049
 3534
 5763
 6254
 4884
 1920
 9881
 9705
 4866
 7299
 3455
 5604
 8200
 2260
 4874
 7371
 5192
 8702
 7064
  238
 7417
 6912
 5468
  734
  200
 2930
 3799
 4388
 8313
 8586
 2277
 7434
  359
 2522
 7810
  110
 8998
 3805
 3546
 5777
  452
 6555
  885
 6176
 5659
 5991
 7693
 6530
 4773
 3327
 4529
 3366
 5607
 2852